0006
0043
0126
0164
0173
0210
0222
0234
0235
0395
0457
0461
0491
0496
0510
0525
0564
0612
0628
0655
0659
0693
0698
0704
0727
0734
0740
0747
0748
0838
0846
0860
0872
0900
0931
0932
0954
0972
0979
0989
1039
1075
1077
1083
1103
1106
1110
1119
1123
1134
1149
1205
1207
1261
1271
1284
1290
1303
1311
1322
1337
1343
1344
1373
1400
1404
1417
1426
1433
1435
1448
1453
1464
1474
1483
1495
1504
1526
1529
1530
1545
1561
1578
1579
1595
1603
1667
1671
1694
1699
1706
1712
1714
1715
1722
1731
1785
1790
1795
1806
1819
1828
1829
1841
1843
1851
1853
1855
1867
1899
1917
1935
1940
1948
1971
1980
2001
2007
2033
2036
2052
0020
0024
0029
0135
0155
0172
0189
0224
0291
0344
0378
0384
0415
0509
0516
0604
0632
0639
0648
0650
0690
0717
0737
0830
0898
0929
0940
0964
0965
0995
1028
1045
1076
1108
1121
1187
1215
1217
1219
1230
1329
1395
1427
1456
1514
1519
1550
1554
1577
1590
1642
1679
1720
1736
1748
1783
1791
1798
1807
1839
1844
1889
1896
1967
1979
2029
0047
0213
0219
0401
0492
0615
0653
1033
1144
1296
1341
1382
1541
1574
1727
1786
1793
1903
2034
2046
